[gd_scene load_steps=11 format=3 uid="uid://dv5oc3ynbepll"]

[ext_resource type="PackedScene" uid="uid://c8sfdf58ytipo" path="res://Assets/Mesh/Level/Props/CloverCubicle.glb" id="1_q7rem"]
[ext_resource type="PackedScene" uid="uid://cdk5qw6qiyi2w" path="res://Assets/Mesh/Level/Props/glass.glb" id="2_mvsxb"]
[ext_resource type="PackedScene" uid="uid://kyh5ht465dt" path="res://Assets/Mesh/Level/Props/Phone.glb" id="3_sr2mt"]
[ext_resource type="PackedScene" uid="uid://cj5a1kaocbgnx" path="res://Assets/Mesh/Level/Props/monitorOFF.glb" id="4_42tx6"]
[ext_resource type="PackedScene" uid="uid://dsqckk1aqo5jt" path="res://Assets/Mesh/Level/Props/mouseandpad.glb" id="5_0ks1f"]
[ext_resource type="PackedScene" uid="uid://dcpt42xexh4dq" path="res://Assets/Mesh/Level/Props/keyboard.glb" id="5_cessq"]
[ext_resource type="PackedScene" uid="uid://bu5hftie08npx" path="res://Assets/Mesh/Level/Props/seat.glb" id="6_yc3ob"]
[ext_resource type="PackedScene" uid="uid://bvfbaqxs7wur3" path="res://Assets/Mesh/Level/Props/papercup.glb" id="7_vsddq"]
[ext_resource type="PackedScene" uid="uid://dl0nt4sbn1jjl" path="res://Assets/Mesh/monitor_on_Withlight.tscn" id="8_kiviq"]
[ext_resource type="PackedScene" uid="uid://cs2w6jccn208a" path="res://Assets/Mesh/Level/Props/mug.glb" id="9_ic6tv"]

[node name="Cubicle" type="Node3D"]

[node name="keyboard" parent="." instance=ExtResource("5_cessq")]
transform = Transform3D(-0.654345, 0, -0.756197, 0, 1, 0, 0.756197, 0, -0.654345, -0.748892, 0.881034, 0.6)

[node name="glass" parent="." instance=ExtResource("2_mvsxb")]
transform = Transform3D(1, 0, 0, 0, 1, 0, 0, 0, 1, -1.23462, 0.881894, 0.246707)

[node name="monitorOFF" parent="." instance=ExtResource("4_42tx6")]
transform = Transform3D(0.756196, 0, -0.654345, 0, 1, 0, 0.654345, 0, 0.756196, -0.350275, 0.86982, 0.379911)

[node name="CloverCubicle" parent="." instance=ExtResource("1_q7rem")]

[node name="mouseandpad" parent="." instance=ExtResource("5_0ks1f")]
transform = Transform3D(-0.976068, 0, -0.217462, 0, 1, 0, 0.217462, 0, -0.976068, -0.341853, 0.880001, 0.992205)

[node name="keyboard4" parent="." instance=ExtResource("5_cessq")]
transform = Transform3D(0.654345, 0, 0.756197, 0, 1, 0, -0.756197, 0, 0.654345, 0.751757, 0.881034, -0.600669)

[node name="monitorOFF3" parent="." instance=ExtResource("4_42tx6")]
transform = Transform3D(-0.980254, 0, 0.197743, 0, 1, 0, -0.197743, 0, -0.980254, 0.785852, 0.86982, -0.176561)

[node name="monitorOFF4" parent="." instance=ExtResource("4_42tx6")]
transform = Transform3D(-0.424942, 0, 0.90522, 0, 1, 0, -0.90522, 0, -0.424942, 0.108497, 0.86982, -0.742057)

[node name="mouseandpad4" parent="." instance=ExtResource("5_0ks1f")]
transform = Transform3D(0.976068, 0, 0.217462, 0, 1, 0, -0.217462, 0, 0.976068, 0.344718, 0.880001, -0.992875)

[node name="Phone" parent="." instance=ExtResource("3_sr2mt")]
transform = Transform3D(-0.8453, 0, -0.188328, 0, 0.887749, 0, 0.188328, 0, -0.8453, -0.247882, 0.86982, 1.43114)

[node name="Phone2" parent="." instance=ExtResource("3_sr2mt")]
transform = Transform3D(-0.828418, 0, 0.252435, 0, 0.887749, 0, -0.252435, 0, -0.828418, -0.227327, 0.86982, -1.34423)

[node name="keyboard2" parent="." instance=ExtResource("5_cessq")]
transform = Transform3D(0.89145, 0, -0.453119, 0, 1, 0, 0.453119, 0, 0.89145, 0.515852, 0.87972, 0.811588)

[node name="papercup2" parent="." instance=ExtResource("7_vsddq")]
transform = Transform3D(1, 0, 0, 0, 1, 0, 0, 0, 1, 1.183, 0.810865, 0.268804)

[node name="papercup3" parent="." instance=ExtResource("7_vsddq")]
transform = Transform3D(1, 0, 0, 0, 1, 0, 0, 0, 1, 0.190028, 0.810865, -1.37076)

[node name="papercup4" parent="." instance=ExtResource("7_vsddq")]
transform = Transform3D(1, 0, 0, 0, 1, 0, 0, 0, 1, 0.190028, 0.833931, -1.37076)

[node name="papercup5" parent="." instance=ExtResource("7_vsddq")]
transform = Transform3D(1, 0, 0, 0, 1, 0, 0, 0, 1, 0.190028, 0.865895, -1.37076)

[node name="papercup6" parent="." instance=ExtResource("7_vsddq")]
transform = Transform3D(0.940336, -0.340248, 1.01402e-08, 0, 2.98023e-08, 1, -0.340248, -0.940336, 2.80242e-08, 0.190028, 0.935916, -1.40819)

[node name="monitorOFF2" parent="." instance=ExtResource("4_42tx6")]
transform = Transform3D(0.436331, 0, 0.899787, 0, 1, 0, -0.899787, 0, 0.436331, 0.228512, 0.856797, 0.532654)

[node name="monitorON" parent="." instance=ExtResource("8_kiviq")]
transform = Transform3D(-0.129194, 0, 0.991619, 0, 1, 0, -0.991619, 0, -0.129194, 0.122414, 0.856797, 1.38689)

[node name="mouseandpad2" parent="." instance=ExtResource("5_0ks1f")]
transform = Transform3D(0.880427, 0, -0.47418, 0, 1, 0, 0.47418, 0, 0.880427, 0.8171, 0.881257, 0.436981)

[node name="mug" parent="." instance=ExtResource("9_ic6tv")]
transform = Transform3D(-0.134399, 0, 0.706015, 0, 0.840242, 0, -0.706015, 0, -0.134399, -0.187249, 0.809947, -1.00678)

[node name="keyboard3" parent="." instance=ExtResource("5_cessq")]
transform = Transform3D(-0.765326, 0, 0.643643, 0, 1, 0, -0.643643, 0, -0.765326, -0.547061, 0.878522, -0.590607)

[node name="monitorON2" parent="." instance=ExtResource("8_kiviq")]
transform = Transform3D(-0.683796, 0, -0.729673, 0, 1, 0, 0.729673, 0, -0.683796, -0.31395, 0.856797, -0.319533)

[node name="mouseandpad3" parent="." instance=ExtResource("5_0ks1f")]
transform = Transform3D(-0.749811, 0, 0.661652, 0, 1, 0, -0.661652, 0, -0.749811, -1.03356, 0.881257, -0.292755)

[node name="seat" parent="." instance=ExtResource("6_yc3ob")]
transform = Transform3D(0.65798, 0, 0.753035, 0, 1, 0, -0.753035, 0, 0.65798, -1.56719, 0.0981062, 1.68084)

[node name="seat4" parent="." instance=ExtResource("6_yc3ob")]
transform = Transform3D(0.946345, 0, 0.323158, 0, 1, 0, -0.323158, 0, 0.946345, 0.154522, 0.0981062, 2.59708)

[node name="seat2" parent="." instance=ExtResource("6_yc3ob")]
transform = Transform3D(0.778944, 0, 0.627093, 0, 1, 0, -0.627093, 0, 0.778944, -1.69074, 0.0981062, -1.72522)

[node name="seat3" parent="." instance=ExtResource("6_yc3ob")]
transform = Transform3D(0.950819, 0, -0.309747, 0, 1, 0, 0.309747, 0, 0.950819, 1.5708, 0.0981067, -1.71272)
