[gd_scene load_steps=19 format=3 uid="uid://crd5pt27vpl1c"]

[ext_resource type="PackedScene" uid="uid://dx6i8xyntpm41" path="res://Assets/Mesh/Level/CornerWall.glb" id="1_fukqu"]
[ext_resource type="PackedScene" uid="uid://cdf8ig3somf3p" path="res://Assets/Mesh/Level/Wall.glb" id="2_g5ftn"]
[ext_resource type="PackedScene" uid="uid://5jhhtr2gobhu" path="res://Assets/Mesh/Level/DoorWallWithoutDoor.glb" id="3_1tn0f"]
[ext_resource type="PackedScene" uid="uid://bxkm3an8qwuja" path="res://Assets/Mesh/Level/WindowWall.glb" id="3_cfjlb"]
[ext_resource type="PackedScene" uid="uid://cvhui5t2ykrnh" path="res://Assets/Mesh/Mannequin.glb" id="5_4asq8"]
[ext_resource type="Material" uid="uid://cno4oq4m2gprd" path="res://Assets/material/GroundMat.tres" id="5_7ndd2"]
[ext_resource type="Material" path="res://Assets/material/new_standard_material_3d.tres" id="6_iom0w"]
[ext_resource type="PackedScene" uid="uid://drm3h7lt3apf1" path="res://Assets/Mesh/Level/Props/Curtain1.glb" id="6_qjw2y"]
[ext_resource type="PackedScene" uid="uid://nv6vp4epdb52" path="res://Assets/Mesh/Level/Props/Curtain3.glb" id="7_f3gxt"]
[ext_resource type="PackedScene" uid="uid://cgjtphls77y0b" path="res://Assets/Mesh/Level/Props/monitorON.glb" id="8_nivx3"]
[ext_resource type="PackedScene" uid="uid://dk03xd4pujicr" path="res://Assets/Mesh/Level/Props/monitorOFF.glb" id="9_0sln8"]
[ext_resource type="PackedScene" uid="uid://dcpt42xexh4dq" path="res://Assets/Mesh/Level/Props/keyboard.glb" id="10_v1dhi"]
[ext_resource type="PackedScene" uid="uid://dpbxtlxbeoyxa" path="res://Assets/Mesh/Level/Props/mug.glb" id="11_vd0lq"]
[ext_resource type="PackedScene" uid="uid://21iabl1jkm6k" path="res://Assets/Mesh/Level/Props/SingleCubicle.glb" id="12_sdig6"]
[ext_resource type="PackedScene" uid="uid://rqyj0ncsgso0" path="res://Assets/Mesh/Level/Props/filecabinet.glb" id="13_5fakx"]
[ext_resource type="PackedScene" uid="uid://bu5hftie08npx" path="res://Assets/Mesh/Level/Props/seat.glb" id="14_v3rrc"]

[sub_resource type="PlaneMesh" id="PlaneMesh_eux6j"]

[sub_resource type="Environment" id="Environment_prmpl"]
background_mode = 1
tonemap_mode = 3
sdfgi_enabled = true
sdfgi_use_occlusion = true
glow_enabled = true
fog_enabled = true
fog_light_color = Color(0.14902, 0.207843, 0.372549, 1)
volumetric_fog_enabled = true
volumetric_fog_density = 0.0582

[node name="Mainmenu background" type="Node3D"]

[node name="CornerWall" parent="." instance=ExtResource("1_fukqu")]
transform = Transform3D(1, 0, 0, 0, 1, 0, 0, 0, 1, 0, 0, -1)

[node name="CornerWall2" parent="." instance=ExtResource("1_fukqu")]
transform = Transform3D(-4.37114e-08, 0, 1, 0, 1, 0, -1, 0, -4.37114e-08, -6, 0, -1.05949)

[node name="Wall" parent="." instance=ExtResource("2_g5ftn")]
transform = Transform3D(1, 0, 0, 0, 1, 0, 0, 0, 1, -2, 0, -1)

[node name="Wall2" parent="." instance=ExtResource("2_g5ftn")]
transform = Transform3D(1, 0, 0, 0, 1, 0, 0, 0, 1, -4, 0, -1)

[node name="Wall5" parent="." instance=ExtResource("2_g5ftn")]
transform = Transform3D(-4.37114e-08, 0, 1, 0, 1, 0, -1, 0, -4.37114e-08, -6, 0, 1)

[node name="Wall6" parent="." instance=ExtResource("2_g5ftn")]
transform = Transform3D(-4.37114e-08, 0, 1, 0, 1, 0, -1, 0, -4.37114e-08, -6, 0, 3)

[node name="Wall8" parent="." instance=ExtResource("2_g5ftn")]
transform = Transform3D(1.31134e-07, 0, -1, 0, 1, 0, 1, 0, 1.31134e-07, -8.74228e-08, 0, 1.03544)

[node name="DoorWallWithoutDoor" parent="Wall8" instance=ExtResource("3_1tn0f")]
transform = Transform3D(1, 0, 0, 0, 1, 0, 0, 0, 1, 2, 0, 2.62268e-07)

[node name="CornerWall3" parent="." instance=ExtResource("1_fukqu")]
transform = Transform3D(-1, 0, -8.74228e-08, 0, 1, 0, 8.74228e-08, 0, -1, -6, 0, 4.97026)

[node name="CornerWall4" parent="." instance=ExtResource("1_fukqu")]
transform = Transform3D(1.31134e-07, 0, -1, 0, 1, 0, 1, 0, 1.31134e-07, 0, 0, 5.02974)

[node name="WindowWall" parent="." instance=ExtResource("3_cfjlb")]
transform = Transform3D(-1, 0, -8.74228e-08, 0, 1, 0, 8.74228e-08, 0, -1, -2, 0, 5)

[node name="WindowWall2" parent="." instance=ExtResource("3_cfjlb")]
transform = Transform3D(-1, 0, -8.74228e-08, 0, 1, 0, 8.74228e-08, 0, -1, -4, 0, 5)

[node name="MeshInstance3D" type="MeshInstance3D" parent="."]
transform = Transform3D(5.5, 0, 0, 0, 1, 0, 0, 0, 6, -3, 0, 0)
material_override = ExtResource("5_7ndd2")
mesh = SubResource("PlaneMesh_eux6j")
skeleton = NodePath("../WindowWall2")

[node name="SpotLight3D" type="SpotLight3D" parent="."]
transform = Transform3D(-1, -5.51795e-09, -8.72485e-08, -8.74228e-08, 0.063118, 0.998006, 0, 0.998006, -0.063118, -0.958517, 2.80257, 4.04017)
light_color = Color(0.690196, 0.858824, 1, 1)
light_energy = 2.349
spot_range = 10.0211
spot_angle = 72.9772

[node name="SpotLight3D2" type="SpotLight3D" parent="."]
transform = Transform3D(-0.410389, -0.300854, -0.860853, -0.909263, 0.063118, 0.411408, -0.0694382, 0.951579, -0.299458, -2.66447, 1.38275, 2.88397)
light_color = Color(1, 0.568627, 0.45098, 1)
light_energy = 1.096
shadow_enabled = true
spot_range = 5.55543
spot_angle = 48.0932

[node name="MeshInstance3D2" type="MeshInstance3D" parent="."]
transform = Transform3D(-5.5, 8.74228e-08, 0, -4.80825e-07, -1, 0, 0, 0, 6, -3, 2.72473, 2.14384)
material_override = ExtResource("6_iom0w")
mesh = SubResource("PlaneMesh_eux6j")
skeleton = NodePath("../WindowWall2")

[node name="WorldEnvironment" type="WorldEnvironment" parent="MeshInstance3D2"]
environment = SubResource("Environment_prmpl")

[node name="Camera3D" type="Camera3D" parent="MeshInstance3D2/WorldEnvironment"]
transform = Transform3D(-0.931431, -0.109281, 0.347122, 1.57385e-08, 0.953848, 0.30029, -0.363918, 0.279699, -0.888444, -0.198867, 1.47997, 1.90687)

[node name="DirectionalLight3D" type="DirectionalLight3D" parent="."]
transform = Transform3D(1, 0, 0, 0, 0.761199, 0.648519, 0, -0.648519, 0.761199, 0, 0, 0)
light_energy = 0.735

[node name="SpotLight3D" type="SpotLight3D" parent="DirectionalLight3D"]
transform = Transform3D(0.70781, 0.551352, -0.441606, -0.458115, 0.834136, 0.307161, 0.537713, -0.0151049, 0.842993, -4.19283, -2.13916, 7.07801)
light_energy = 0.969
light_volumetric_fog_energy = 20.0
shadow_enabled = true
spot_range = 6.44664

[node name="Mannequin" parent="." instance=ExtResource("5_4asq8")]
transform = Transform3D(-0.5, 0, -0.866025, 0, 1, 0, 0.866025, 0, -0.5, 0.264403, 0.0956298, 5.30946)

[node name="Curtain1" parent="." instance=ExtResource("6_qjw2y")]
transform = Transform3D(-0.8, 0, 0, 0, 1, 0, 0, 0, 1, -3.89811, -0.0846528, 5.44344)

[node name="Curtain3" parent="Curtain1" instance=ExtResource("7_f3gxt")]
transform = Transform3D(1, 0, 0, 0, 1, 0, 0, 0, 1, -2.5, 0, 0)

[node name="monitorON" parent="." instance=ExtResource("8_nivx3")]
transform = Transform3D(0.356363, 0, 0.934348, 0, 1, 0, -0.934348, 0, 0.356363, -3.27357, 0.722907, 3.22536)

[node name="monitorOFF" parent="monitorON" instance=ExtResource("9_0sln8")]
transform = Transform3D(0.807372, 0, -0.590042, 0, 1, 0, 0.590042, 0, 0.807372, 0.793599, 0, 0.300813)

[node name="keyboard" parent="monitorON" instance=ExtResource("10_v1dhi")]
transform = Transform3D(0.134453, 0, -0.99092, 0, 1, 0, 0.99092, 0, 0.134453, 0.220466, 1.19209e-07, 0.512222)

[node name="mug" parent="monitorON" instance=ExtResource("11_vd0lq")]
transform = Transform3D(-0.161897, 0, -0.986808, 0, 1, 0, 0.986808, 0, -0.161897, -0.245197, -0.104136, 0.249809)

[node name="SingleCubicle" parent="monitorON" instance=ExtResource("12_sdig6")]
transform = Transform3D(0.873857, 0, -0.486183, 0, 1, 0, 0.486183, 0, 0.873857, -0.0855021, -0.897885, -0.446214)

[node name="filecabinet" parent="." instance=ExtResource("13_5fakx")]
transform = Transform3D(1.33118e-07, 0, -1, 0, 1, 0, 1, 0, 1.33118e-07, 0.479608, 0.018011, 4.70555)

[node name="filecabinet2" parent="." instance=ExtResource("13_5fakx")]
transform = Transform3D(1.33118e-07, 0, -1, 0, 1, 0, 1, 0, 1.33118e-07, 0.479608, 0.018011, 4.11592)

[node name="seat" parent="." instance=ExtResource("14_v3rrc")]
transform = Transform3D(-0.541723, 0, -0.840557, 0, 1, 0, 0.840557, 0, -0.541723, -2.02343, 0.0869008, 3.87042)
